31
Dioon_califanoi___GU807189.1     0.0000000 0.0312521 0.9034952 0.9034952 0.9158457 0.8966762 1.0228198 1.0135557 1.0017912 1.0202922 0.9993612 1.0017912 1.0132421 0.9748061 0.9748061 0.9803049 0.9803049 0.9733166 0.7825066 0.7842137 0.7823422 0.7842137 0.7885786 0.7876150 0.7937018 0.0145828 0.0219863 0.0145126 0.0204675 0.0057773 0.0059245 
Dioon_angustifolium___GU807188.1 0.0312521 0.0000000 0.9052969 0.9052969 0.9177713 0.8984270 1.0444876 1.0351102 1.0229885 1.0418936 1.0205804 1.0229885 1.0345225 0.9407677 0.9407677 0.9461858 0.9461858 0.9393475 0.7970155 0.7987210 0.7967762 0.7987210 0.8055385 0.8022976 0.8085936 0.0390510 0.0466473 0.0357497 0.0389006 0.0327815 0.0225903 
Dioon_tomasellii___GU807416.1    0.9034952 0.9052969 0.0000000 0.0000010 0.0000010 0.0055005 1.0258893 1.0158140 1.0258893 1.0085350 1.0258893 1.0258893 1.0085350 1.3825622 1.3549921 1.3666363 1.3666363 1.3666363 0.9601871 0.9737957 0.9737957 0.9737957 0.9803953 0.9548607 0.9443686 0.9119557 0.9197982 0.9151966 0.9083140 0.9055303 0.8724951 
Dioon_stevensonii___GU807415.1   0.9034952 0.9052969 0.0000010 0.0000000 0.0000010 0.0055005 1.0258893 1.0158140 1.0258893 1.0085350 1.0258893 1.0258893 1.0085350 1.3825622 1.3549921 1.3666363 1.3666363 1.3666363 0.9601871 0.9737957 0.9737957 0.9737957 0.9803953 0.9548607 0.9443686 0.9119557 0.9197982 0.9151966 0.9083140 0.9055303 0.8724951 
Dioon_mejiae___GU807410.1        0.9158457 0.9177713 0.0000010 0.0000010 0.0000000 0.0055630 1.0124208 1.0199080 1.0302031 1.0124208 1.0302031 1.0302031 1.0124208 1.3902433 1.3618769 1.3738489 1.3738489 1.3738489 0.9487661 0.9625582 0.9625582 0.9625582 0.9691650 0.9434597 0.9328640 0.9246211 0.9326496 0.9274243 0.9208342 0.9178808 0.8842048 
Dioon_holmgrenii___GU807409.1    0.8966762 0.8984270 0.0055005 0.0055005 0.0055630 0.0000000 1.0210027 1.0108569 1.0210027 1.0035872 1.0210027 1.0210027 1.0035872 1.3381138 1.3112435 1.3226330 1.3226330 1.3226330 0.9507201 0.9642990 0.9642990 0.9642990 0.9708153 0.9454797 0.9350395 0.9050434 0.9128563 0.9085454 0.9014466 0.8987294 0.8657438 
Dioon_tomasellii___GU807250.1    1.0228198 1.0444876 1.0258893 1.0258893 1.0124208 1.0210027 0.0000000 0.0140643 0.0046424 0.0023129 0.0046550 0.0046424 0.0092932 1.3680960 1.3454828 1.3550452 1.3550452 1.3646282 0.9698081 0.9807123 0.9851618 0.9807123 0.9937675 0.9730739 0.9914392 1.0258922 1.0392864 1.0109505 1.0342992 1.0228198 1.0163728 
Dioon_edule___GU807244.1         1.0135557 1.0351102 1.0158140 1.0158140 1.0199080 1.0108569 0.0140643 0.0000000 0.0140643 0.0117026 0.0141028 0.0140643 0.0164436 1.3531695 1.3305969 1.3401532 1.3401532 1.3497314 0.9750783 0.9860352 0.9905415 0.9860352 0.9992029 0.9783428 0.9969069 1.0167188 1.0300408 1.0017229 1.0250784 1.0135557 1.0069731 
Dioon_califanoi___GU807242.1     1.0017912 1.0229885 1.0258893 1.0258893 1.0302031 1.0210027 0.0046424 0.0140643 0.0000000 0.0023177 0.0000010 0.0000010 0.0069784 1.3457870 1.3234324 1.3329025 1.3329025 1.3423942 0.9706887 0.9730739 0.9774652 0.9730739 0.9860352 0.9654731 0.9923167 1.0050382 1.0181382 0.9901194 1.0132568 1.0017912 0.9951033 
Dioon_stevensonii___GU807249.1   1.0202922 1.0418936 1.0085350 1.0085350 1.0124208 1.0035872 0.0023129 0.0117026 0.0023177 0.0000000 0.0023240 0.0023177 0.0069595 1.3550452 1.3325669 1.3420821 1.3420821 1.3516187 0.9783428 0.9892566 0.9937675 0.9892566 1.0024034 0.9815835 1.0001422 1.0233844 1.0367371 1.0084525 1.0317647 1.0202922 1.0138192 
Dioon_purpusii___GU807247.1      0.9993612 1.0205804 1.0258893 1.0258893 1.0302031 1.0210027 0.0046550 0.0141028 0.0000010 0.0023240 0.0000000 0.0000010 0.0069973 1.3438755 1.3214284 1.3309390 1.3309390 1.3404716 0.9782960 0.9806794 0.9851528 0.9806794 0.9938053 0.9729997 1.0002153 1.0026396 1.0157522 0.9876715 1.0108657 0.9993612 0.9926218 
Dioon_holmgrenii___GU807245.1    1.0017912 1.0229885 1.0258893 1.0258893 1.0302031 1.0210027 0.0046424 0.0140643 0.0000010 0.0023177 0.0000010 0.0000000 0.0069784 1.3457870 1.3234324 1.3329025 1.3329025 1.3423942 0.9706887 0.9730739 0.9774652 0.9730739 0.9860352 0.9654731 0.9923167 1.0050382 1.0181382 0.9901194 1.0132568 1.0017912 0.9951033 
Dioon_angustifolium___GU807240.1 1.0132421 1.0345225 1.0085350 1.0085350 1.0124208 1.0035872 0.0092932 0.0164436 0.0069784 0.0069595 0.0069973 0.0069784 0.0000000 1.3508598 1.3284215 1.3379226 1.3379226 1.3474459 0.9816372 0.9925097 0.9970241 0.9925097 1.0056334 0.9848557 1.0034076 1.0163698 1.0295243 1.0015547 1.0246248 1.0132421 1.0067369 
Dioon_stevensonii___GU807272.1   0.9748061 0.9407677 1.3825622 1.3825622 1.3902433 1.3381138 1.3680960 1.3531695 1.3457870 1.3550452 1.3438755 1.3457870 1.3508598 0.0000000 0.0037868 0.0018911 0.0018911 0.0037849 1.1509293 1.1451926 1.1401886 1.1451926 1.1241900 1.1415326 1.1446910 0.9864783 0.9618510 0.9344010 0.9605537 0.9613958 0.9656539 
Dioon_rzedowskii___GU807268.1    0.9748061 0.9407677 1.3549921 1.3549921 1.3618769 1.3112435 1.3454828 1.3305969 1.3234324 1.3325669 1.3214284 1.3234324 1.3284215 0.0037868 0.0000000 0.0018911 0.0018911 0.0037849 1.1509293 1.1451926 1.1401886 1.1451926 1.1241900 1.1415326 1.1446910 0.9864783 0.9672367 0.9344010 0.9605537 0.9613958 0.9656539 
Dioon_merolae___GU807266.1       0.9803049 0.9461858 1.3666363 1.3666363 1.3738489 1.3226330 1.3550452 1.3401532 1.3329025 1.3420821 1.3309390 1.3329025 1.3379226 0.0018911 0.0018911 0.0000000 0.0000010 0.0018902 1.1509293 1.1451926 1.1401886 1.1451926 1.1241900 1.1415326 1.1446910 0.9920021 0.9672367 0.9396281 0.9659294 0.9668397 0.9712415 
Dioon_holmgrenii___GU807264.1    0.9803049 0.9461858 1.3666363 1.3666363 1.3738489 1.3226330 1.3550452 1.3401532 1.3329025 1.3420821 1.3309390 1.3329025 1.3379226 0.0018911 0.0018911 0.0000010 0.0000000 0.0018902 1.1509293 1.1451926 1.1401886 1.1451926 1.1241900 1.1415326 1.1446910 0.9920021 0.9672367 0.9396281 0.9659294 0.9668397 0.9712415 
Dioon_caputoi___GU807262.1       0.9733166 0.9393475 1.3666363 1.3666363 1.3738489 1.3226330 1.3646282 1.3497314 1.3423942 1.3516187 1.3404716 1.3423942 1.3474459 0.0037849 0.0037849 0.0018902 0.0018902 0.0000000 1.1402025 1.1345383 1.1296186 1.1345383 1.1137255 1.1308436 1.1338755 0.9849655 0.9604099 0.9330394 0.9591170 0.9599397 0.9641535 
Dioon_tomasellii___GU807134.1    0.7825066 0.7970155 0.9601871 0.9601871 0.9487661 0.9507201 0.9698081 0.9750783 0.9706887 0.9783428 0.9782960 0.9706887 0.9816372 1.1509293 1.1509293 1.1509293 1.1509293 1.1402025 0.0000000 0.0000010 0.0020950 0.0000010 0.0021038 0.0021101 0.0063750 0.7958036 0.7737749 0.7854219 0.7749511 0.7773120 0.7883462 
Dioon_stevensonii___GU807133.1   0.7842137 0.7987210 0.9737957 0.9737957 0.9625582 0.9642990 0.9807123 0.9860352 0.9730739 0.9892566 0.9806794 0.9730739 0.9925097 1.1451926 1.1451926 1.1451926 1.1451926 1.1345383 0.0000010 0.0000000 0.0020862 0.0000010 0.0020950 0.0021021 0.0063629 0.7974760 0.7754605 0.7870985 0.7766376 0.7790172 0.7900899 
Dioon_spinulosum___GU807132.1    0.7823422 0.7967762 0.9737957 0.9737957 0.9625582 0.9642990 0.9851618 0.9905415 0.9774652 0.9937675 0.9851528 0.9774652 0.9970241 1.1401886 1.1401886 1.1401886 1.1401886 1.1296186 0.0020950 0.0020862 0.0000000 0.0020862 0.0041984 0.0042124 0.0085006 0.7955752 0.7736561 0.7852458 0.7748253 0.7771740 0.7881477 
Dioon_sonorense___GU807131.1     0.7842137 0.7987210 0.9737957 0.9737957 0.9625582 0.9642990 0.9807123 0.9860352 0.9730739 0.9892566 0.9806794 0.9730739 0.9925097 1.1451926 1.1451926 1.1451926 1.1451926 1.1345383 0.0000010 0.0000010 0.0020862 0.0000000 0.0020950 0.0021021 0.0063629 0.7974760 0.7754605 0.7870985 0.7766376 0.7790172 0.7900899 
Dioon_edule___GU807125.1         0.7885786 0.8055385 0.9803953 0.9803953 0.9691650 0.9708153 0.9937675 0.9992029 0.9860352 1.0024034 0.9938053 0.9860352 1.0056334 1.1241900 1.1241900 1.1241900 1.1241900 1.1137255 0.0021038 0.0020950 0.0041984 0.0020950 0.0000000 0.0042313 0.0085373 0.8018959 0.7796738 0.7914159 0.7808682 0.7791646 0.7969568 
Dioon_califanoi___GU807123.1     0.7876150 0.8022976 0.9548607 0.9548607 0.9434597 0.9454797 0.9730739 0.9783428 0.9654731 0.9815835 0.9729997 0.9654731 0.9848557 1.1415326 1.1415326 1.1415326 1.1415326 1.1308436 0.0021101 0.0021021 0.0042124 0.0021021 0.0042313 0.0000000 0.0085333 0.8009674 0.7787119 0.7904730 0.7799065 0.7823518 0.7936381 
Dioon_angustifolium___GU807121.1 0.7937018 0.8085936 0.9443686 0.9443686 0.9328640 0.9350395 0.9914392 0.9969069 0.9923167 1.0001422 1.0002153 0.9923167 1.0034076 1.1446910 1.1446910 1.1446910 1.1446910 1.1338755 0.0063750 0.0063629 0.0085006 0.0063629 0.0085373 0.0085333 0.0000000 0.8071203 0.7845916 0.7964902 0.7858097 0.7883560 0.7999465 
Dioon_stevensonii___GU807195.1   0.0145828 0.0390510 0.9119557 0.9119557 0.9246211 0.9050434 1.0258922 1.0167188 1.0050382 1.0233844 1.0026396 1.0050382 1.0163698 0.9864783 0.9864783 0.9920021 0.9920021 0.9849655 0.7958036 0.7974760 0.7955752 0.7974760 0.8018959 0.8009674 0.8071203 0.0000000 0.0234320 0.0279900 0.0232909 0.0101887 0.0164457 
Dioon_tomasellii___GU807194.1    0.0219863 0.0466473 0.9197982 0.9197982 0.9326496 0.9128563 1.0392864 1.0300408 1.0181382 1.0367371 1.0157522 1.0181382 1.0295243 0.9618510 0.9672367 0.9672367 0.9672367 0.9604099 0.7737749 0.7754605 0.7736561 0.7754605 0.7796738 0.7787119 0.7845916 0.0234320 0.0000000 0.0294637 0.0247667 0.0160495 0.0210196 
Dioon_spinulosum___GU807193.1    0.0145126 0.0357497 0.9151966 0.9151966 0.9274243 0.9085454 1.0109505 1.0017229 0.9901194 1.0084525 0.9876715 0.9901194 1.0015547 0.9344010 0.9344010 0.9396281 0.9396281 0.9330394 0.7854219 0.7870985 0.7852458 0.7870985 0.7914159 0.7904730 0.7964902 0.0279900 0.0294637 0.0000000 0.0279402 0.0160042 0.0194378 
Dioon_sonorense___GU807192.1     0.0204675 0.0389006 0.9083140 0.9083140 0.9208342 0.9014466 1.0342992 1.0250784 1.0132568 1.0317647 1.0108657 1.0132568 1.0246248 0.9605537 0.9605537 0.9659294 0.9659294 0.9591170 0.7749511 0.7766376 0.7748253 0.7766376 0.7808682 0.7799065 0.7858097 0.0232909 0.0247667 0.0279402 0.0000000 0.0175413 0.0240066 
Dioon_merolae___GU807191.1       0.0057773 0.0327815 0.9055303 0.9055303 0.9178808 0.8987294 1.0228198 1.0135557 1.0017912 1.0202922 0.9993612 1.0017912 1.0132421 0.9613958 0.9613958 0.9668397 0.9668397 0.9599397 0.7773120 0.7790172 0.7771740 0.7790172 0.7791646 0.7823518 0.7883560 0.0101887 0.0160495 0.0160042 0.0175413 0.0000000 0.0059291 
Dioon_caputoi___GU807190.1       0.0059245 0.0225903 0.8724951 0.8724951 0.8842048 0.8657438 1.0163728 1.0069731 0.9951033 1.0138192 0.9926218 0.9951033 1.0067369 0.9656539 0.9656539 0.9712415 0.9712415 0.9641535 0.7883462 0.7900899 0.7881477 0.7900899 0.7969568 0.7936381 0.7999465 0.0164457 0.0210196 0.0194378 0.0240066 0.0059291 0.0000000 
