31
Dioon_califanoi___GU807189.1     0.0000000 0.0312525 0.9037168 0.9037168 0.9160744 0.8968930 1.0231159 1.0138522 1.0020796 1.0205913 0.9996507 1.0020796 1.0135293 0.9750531 0.9750531 0.9805523 0.9805523 0.9735626 0.7826498 0.7843587 0.7824846 0.7843587 0.7887268 0.7877595 0.7938482 0.0145830 0.0219866 0.0145128 0.0204678 0.0057774 0.0059245 
Dioon_angustifolium___GU807188.1 0.0312525 0.0000000 0.9055167 0.9055167 0.9179983 0.8986420 1.0448033 1.0354263 1.0232959 1.0422124 1.0208890 1.0232959 1.0348285 0.9410051 0.9410051 0.9464237 0.9464237 0.9395839 0.7971662 0.7988735 0.7969260 0.7988735 0.8056942 0.8024497 0.8087477 0.0390518 0.0466483 0.0357503 0.0389013 0.0327820 0.0225905 
Dioon_tomasellii___GU807416.1    0.9037168 0.9055167 0.0000000 0.0000010 0.0000010 0.0055005 1.0261955 1.0161283 1.0261955 1.0088365 1.0261955 1.0261955 1.0088365 1.3829723 1.3554055 1.3670477 1.3670477 1.3670477 0.9604126 0.9740263 0.9740263 0.9740263 0.9806281 0.9550781 0.9445855 0.9121848 0.9200282 0.9154251 0.9085373 0.9057548 0.8726967 
Dioon_stevensonii___GU807415.1   0.9037168 0.9055167 0.0000010 0.0000000 0.0000010 0.0055005 1.0261955 1.0161283 1.0261955 1.0088365 1.0261955 1.0261955 1.0088365 1.3829723 1.3554055 1.3670477 1.3670477 1.3670477 0.9604126 0.9740263 0.9740263 0.9740263 0.9806281 0.9550781 0.9445855 0.9121848 0.9200282 0.9154251 0.9085373 0.9057548 0.8726967 
Dioon_mejiae___GU807410.1        0.9160744 0.9179983 0.0000010 0.0000010 0.0000000 0.0055630 1.0127254 1.0202258 1.0305125 1.0127254 1.0305125 1.0305125 1.0127254 1.3906751 1.3623114 1.3742816 1.3742816 1.3742816 0.9489902 0.9627875 0.9627875 0.9627875 0.9693965 0.9436755 0.9330793 0.9248577 0.9328872 0.9276600 0.9210648 0.9181126 0.8844128 
Dioon_holmgrenii___GU807409.1    0.8968930 0.8986420 0.0055005 0.0055005 0.0055630 0.0000000 1.0213113 1.0111734 1.0213113 1.0038909 1.0213113 1.0213113 1.0038909 1.3385033 1.3116353 1.3230231 1.3230231 1.3230231 0.9509391 0.9645229 0.9645229 0.9645229 0.9710414 0.9456907 0.9352499 0.9052675 0.9130813 0.9087692 0.9016652 0.8989491 0.8659409 
Dioon_tomasellii___GU807250.1    1.0231159 1.0448033 1.0261955 1.0261955 1.0127254 1.0213113 0.0000000 0.0140643 0.0046424 0.0023129 0.0046550 0.0046424 0.0092932 1.3685550 1.3459426 1.3555041 1.3555041 1.3650859 0.9700250 0.9809332 0.9853894 0.9809332 0.9939955 0.9732895 0.9916618 1.0261923 1.0395947 1.0112478 1.0346097 1.0231159 1.0166712 
Dioon_edule___GU807244.1         1.0138522 1.0354263 1.0161283 1.0161283 1.0202258 1.0111734 0.0140643 0.0000000 0.0140643 0.0117026 0.0141028 0.0140643 0.0164436 1.3536328 1.3310603 1.3406159 1.3406159 1.3501934 0.9752968 0.9862577 0.9907708 0.9862577 0.9994325 0.9785599 0.9971301 1.0170192 1.0303495 1.0020203 1.0253892 1.0138522 1.0072718 
Dioon_califanoi___GU807242.1     1.0020796 1.0232959 1.0261955 1.0261955 1.0305125 1.0213113 0.0046424 0.0140643 0.0000000 0.0023177 0.0000010 0.0000010 0.0069783 1.3462371 1.3238829 1.3333522 1.3333522 1.3428429 0.9709005 0.9732895 0.9776875 0.9732895 0.9862577 0.9656834 0.9925330 1.0053305 1.0184386 0.9904087 1.0135593 1.0020796 0.9953936 
Dioon_stevensonii___GU807249.1   1.0205913 1.0422124 1.0088365 1.0088365 1.0127254 1.0038909 0.0023129 0.0117026 0.0023177 0.0000000 0.0023240 0.0023177 0.0069595 1.3555041 1.3330261 1.3425405 1.3425405 1.3520762 0.9785599 0.9894786 0.9939955 0.9894786 1.0026315 0.9817992 1.0003639 1.0236873 1.0370484 1.0087526 1.0320781 1.0205913 1.0141205 
Dioon_purpusii___GU807247.1      0.9996507 1.0208890 1.0261955 1.0261955 1.0305125 1.0213113 0.0046550 0.0141028 0.0000010 0.0023240 0.0000000 0.0000010 0.0069973 1.3443300 1.3218830 1.3313929 1.3313929 1.3409247 0.9785106 0.9808978 0.9853781 0.9808978 0.9940308 0.9732128 1.0004344 1.0029330 1.0160537 0.9879618 1.0111692 0.9996507 0.9929132 
Dioon_holmgrenii___GU807245.1    1.0020796 1.0232959 1.0261955 1.0261955 1.0305125 1.0213113 0.0046424 0.0140643 0.0000010 0.0023177 0.0000010 0.0000000 0.0069783 1.3462371 1.3238829 1.3333522 1.3333522 1.3428429 0.9709005 0.9732895 0.9776875 0.9732895 0.9862577 0.9656834 0.9925330 1.0053305 1.0184386 0.9904087 1.0135593 1.0020796 0.9953936 
Dioon_angustifolium___GU807240.1 1.0135293 1.0348285 1.0088365 1.0088365 1.0127254 1.0038909 0.0092932 0.0164436 0.0069783 0.0069595 0.0069973 0.0069783 0.0000000 1.3513264 1.3288880 1.3383885 1.3383885 1.3479110 0.9818531 0.9927294 0.9972507 0.9927294 1.0058601 0.9850701 1.0036280 1.0166608 1.0298233 1.0018429 1.0249259 1.0135293 1.0070261 
Dioon_stevensonii___GU807272.1   0.9750531 0.9410051 1.3829723 1.3829723 1.3906751 1.3385033 1.3685550 1.3536328 1.3462371 1.3555041 1.3443300 1.3462371 1.3513264 0.0000000 0.0037868 0.0018911 0.0018911 0.0037849 1.1512320 1.1454934 1.1404815 1.1454934 1.1244772 1.1418253 1.1449945 0.9867353 0.9620913 0.9346265 0.9607930 0.9616342 0.9658933 
Dioon_rzedowskii___GU807268.1    0.9750531 0.9410051 1.3554055 1.3554055 1.3623114 1.3116353 1.3459426 1.3310603 1.3238829 1.3330261 1.3218830 1.3238829 1.3288880 0.0037868 0.0000000 0.0018911 0.0018911 0.0037849 1.1512320 1.1454934 1.1404815 1.1454934 1.1244772 1.1418253 1.1449945 0.9867353 0.9674774 0.9346265 0.9607930 0.9616342 0.9658933 
Dioon_merolae___GU807266.1       0.9805523 0.9464237 1.3670477 1.3670477 1.3742816 1.3230231 1.3555041 1.3406159 1.3333522 1.3425405 1.3313929 1.3333522 1.3383885 0.0018911 0.0018911 0.0000000 0.0000010 0.0018902 1.1512320 1.1454934 1.1404815 1.1454934 1.1244772 1.1418253 1.1449945 0.9922595 0.9674774 0.9398540 0.9661691 0.9670785 0.9714812 
Dioon_holmgrenii___GU807264.1    0.9805523 0.9464237 1.3670477 1.3670477 1.3742816 1.3230231 1.3555041 1.3406159 1.3333522 1.3425405 1.3313929 1.3333522 1.3383885 0.0018911 0.0018911 0.0000010 0.0000000 0.0018902 1.1512320 1.1454934 1.1404815 1.1454934 1.1244772 1.1418253 1.1449945 0.9922595 0.9674774 0.9398540 0.9661691 0.9670785 0.9714812 
Dioon_caputoi___GU807262.1       0.9735626 0.9395839 1.3670477 1.3670477 1.3742816 1.3230231 1.3650859 1.3501934 1.3428429 1.3520762 1.3409247 1.3428429 1.3479110 0.0037849 0.0037849 0.0018902 0.0018902 0.0000000 1.1405043 1.1348382 1.1299107 1.1348382 1.1140119 1.1311355 1.1341780 0.9852215 0.9606493 0.9332640 0.9593554 0.9601772 0.9643919 
Dioon_tomasellii___GU807134.1    0.7826498 0.7971662 0.9604126 0.9604126 0.9489902 0.9509391 0.9700250 0.9752968 0.9709005 0.9785599 0.9785106 0.9709005 0.9818531 1.1512320 1.1512320 1.1512320 1.1512320 1.1405043 0.0000000 0.0000010 0.0020950 0.0000010 0.0021038 0.0021101 0.0063750 0.7959480 0.7739080 0.7855661 0.7750862 0.7774539 0.7884949 
Dioon_stevensonii___GU807133.1   0.7843587 0.7988735 0.9740263 0.9740263 0.9627875 0.9645229 0.9809332 0.9862577 0.9732895 0.9894786 0.9808978 0.9732895 0.9927294 1.1454934 1.1454934 1.1454934 1.1454934 1.1348382 0.0000010 0.0000000 0.0020862 0.0000010 0.0020950 0.0021021 0.0063629 0.7976221 0.7755952 0.7872444 0.7767744 0.7791608 0.7902405 
Dioon_spinulosum___GU807132.1    0.7824846 0.7969260 0.9740263 0.9740263 0.9627875 0.9645229 0.9853894 0.9907708 0.9776875 0.9939955 0.9853781 0.9776875 0.9972507 1.1404815 1.1404815 1.1404815 1.1404815 1.1299107 0.0020950 0.0020862 0.0000000 0.0020862 0.0041984 0.0042124 0.0085006 0.7957187 0.7737884 0.7853892 0.7749606 0.7773151 0.7882956 
Dioon_sonorense___GU807131.1     0.7843587 0.7988735 0.9740263 0.9740263 0.9627875 0.9645229 0.9809332 0.9862577 0.9732895 0.9894786 0.9808978 0.9732895 0.9927294 1.1454934 1.1454934 1.1454934 1.1454934 1.1348382 0.0000010 0.0000010 0.0020862 0.0000000 0.0020950 0.0021021 0.0063629 0.7976221 0.7755952 0.7872444 0.7767744 0.7791608 0.7902405 
Dioon_edule___GU807125.1         0.7887268 0.8056942 0.9806281 0.9806281 0.9693965 0.9710414 0.9939955 0.9994325 0.9862577 1.0026315 0.9940308 0.9862577 1.0058601 1.1244772 1.1244772 1.1244772 1.1244772 1.1140119 0.0021038 0.0020950 0.0041984 0.0020950 0.0000000 0.0042313 0.0085373 0.8020454 0.7798115 0.7915651 0.7810081 0.7793091 0.7971106 
Dioon_califanoi___GU807123.1     0.7877595 0.8024497 0.9550781 0.9550781 0.9436755 0.9456907 0.9732895 0.9785599 0.9656834 0.9817992 0.9732128 0.9656834 0.9850701 1.1418253 1.1418253 1.1418253 1.1418253 1.1311355 0.0021101 0.0021021 0.0042124 0.0021021 0.0042313 0.0000000 0.0085333 0.8011131 0.7788461 0.7906184 0.7800427 0.7824950 0.7937882 
Dioon_angustifolium___GU807121.1 0.7938482 0.8087477 0.9445855 0.9445855 0.9330793 0.9352499 0.9916618 0.9971301 0.9925330 1.0003639 1.0004344 0.9925330 1.0036280 1.1449945 1.1449945 1.1449945 1.1449945 1.1341780 0.0063750 0.0063629 0.0085006 0.0063629 0.0085373 0.0085333 0.0000000 0.8072678 0.7847274 0.7966375 0.7859477 0.7885010 0.8000987 
Dioon_stevensonii___GU807195.1   0.0145830 0.0390518 0.9121848 0.9121848 0.9248577 0.9052675 1.0261923 1.0170192 1.0053305 1.0236873 1.0029330 1.0053305 1.0166608 0.9867353 0.9867353 0.9922595 0.9922595 0.9852215 0.7959480 0.7976221 0.7957187 0.7976221 0.8020454 0.8011131 0.8072678 0.0000000 0.0234324 0.0279904 0.0232912 0.0101888 0.0164459 
Dioon_tomasellii___GU807194.1    0.0219866 0.0466483 0.9200282 0.9200282 0.9328872 0.9130813 1.0395947 1.0303495 1.0184386 1.0370484 1.0160537 1.0184386 1.0298233 0.9620913 0.9674774 0.9674774 0.9674774 0.9606493 0.7739080 0.7755952 0.7737884 0.7755952 0.7798115 0.7788461 0.7847274 0.0234324 0.0000000 0.0294642 0.0247670 0.0160496 0.0210199 
Dioon_spinulosum___GU807193.1    0.0145128 0.0357503 0.9154251 0.9154251 0.9276600 0.9087692 1.0112478 1.0020203 0.9904087 1.0087526 0.9879618 0.9904087 1.0018429 0.9346265 0.9346265 0.9398540 0.9398540 0.9332640 0.7855661 0.7872444 0.7853892 0.7872444 0.7915651 0.7906184 0.7966375 0.0279904 0.0294642 0.0000000 0.0279406 0.0160044 0.0194380 
Dioon_sonorense___GU807192.1     0.0204678 0.0389013 0.9085373 0.9085373 0.9210648 0.9016652 1.0346097 1.0253892 1.0135593 1.0320781 1.0111692 1.0135593 1.0249259 0.9607930 0.9607930 0.9661691 0.9661691 0.9593554 0.7750862 0.7767744 0.7749606 0.7767744 0.7810081 0.7800427 0.7859477 0.0232912 0.0247670 0.0279406 0.0000000 0.0175415 0.0240069 
Dioon_merolae___GU807191.1       0.0057774 0.0327820 0.9057548 0.9057548 0.9181126 0.8989491 1.0231159 1.0138522 1.0020796 1.0205913 0.9996507 1.0020796 1.0135293 0.9616342 0.9616342 0.9670785 0.9670785 0.9601772 0.7774539 0.7791608 0.7773151 0.7791608 0.7793091 0.7824950 0.7885010 0.0101888 0.0160496 0.0160044 0.0175415 0.0000000 0.0059291 
Dioon_caputoi___GU807190.1       0.0059245 0.0225905 0.8726967 0.8726967 0.8844128 0.8659409 1.0166712 1.0072718 0.9953936 1.0141205 0.9929132 0.9953936 1.0070261 0.9658933 0.9658933 0.9714812 0.9714812 0.9643919 0.7884949 0.7902405 0.7882956 0.7902405 0.7971106 0.7937882 0.8000987 0.0164459 0.0210199 0.0194380 0.0240069 0.0059291 0.0000000 
